Total Flops   1.887983e+07   2.02178788e+00
Clock Resolution 0
Event log:
0                0                0                0                0
1                0                0                0                0
2                0                0                0                0
3                0                0                0                0
4                0                0                0                0
5                0                0                0                0
6                0                0                0                0
7              656           379136       0.00252867      1.49935e+08
8                0                0                0                0
9              255           590560       0.00101042      5.84471e+08
10                0                0                0                0
11                0                0                0                0
12                0                0                0                0
13             8449       1.8793e+06        0.0145652      1.29026e+08
14             1312           189568       0.00103188      1.83712e+08
15             2528                0        0.0015378                0
16             5734                0       0.00263906                0
17             3744           894208       0.00291491      3.06771e+08
18             6577           732996        0.0043776      1.67442e+08
19                0                0                0                0
20                2             3468      9.05991e-06      3.82785e+08
21              510      1.18669e+06        0.0016396      7.23765e+08
22                0                0                0                0
23                0                0                0                0
24                3                0                0                0
25                3                0                0                0
26             6080           643840       0.00455689      1.41289e+08
27                0                0                0                0
28                3                0      8.89301e-05                0
29                0                0                0                0
30                0                0                0                0
31                0                0                0                0
32                0                0                0                0
33                0                0                0                0
34                0                0                0                0
35                0                0                0                0
36                0                0                0                0
37                0                0                0                0
38             9105      1.12607e+07        0.0248554      4.53048e+08
39                0                0                0                0
40                0                0                0                0
41             1872           901632       0.00340986      2.64419e+08
42                0                0                0                0
43                0                0                0                0
44                0                0                0                0
45              912            87552       0.00195575      4.47665e+07
46                0                0                0                0
47                0                0                0                0
48                0                0                0                0
49                0                0                0                0
50                0                0                0                0
51                0                0                0                0
52                0                0                0                0
53                0                0                0                0
54                5                0      0.000209332                0
55                5              440      6.29425e-05      6.99051e+06
56                0                0                0                0
57                0                0                0                0
58                0                0                0                0
59                0                0                0                0
60                0                0                0                0
61                0                0                0                0
62                1                0      2.86102e-06                0
63                1                0      5.88894e-05                0
64                0                0                0                0
65               41                0      7.86781e-06                0
66               41                0      0.000202894                0
67                0                0                0                0
68                0                0                0                0
69                0                0                0                0
70                5                0      1.52588e-05                0
71                0                0                0                0
72                0                0                0                0
73                5                0      0.000150442                0
74                0                0                0                0
75                0                0                0                0
76                0                0                0                0
77                9                0      0.000400066                0
78                0                0                0                0
79                0                0                0                0
80                0                0                0                0
81                0                0                0                0
82                0                0                0                0
83                0                0                0                0
84               16           129760       0.00234127      5.54229e+07
85                0                0                0                0
86                0                0                0                0
87                0                0                0                0
88                0                0                0                0
89                0                0                0                0
90                0                0                0                0
91                0                0                0                0
92                0                0                0                0
93                0                0                0                0
94                0                0                0                0
95                0                0                0                0
96                0                0                0                0
97                0                0                0                0
98                0                0                0                0
99                0                0                0                0
100                0                0                0                0
101                0                0                0                0
102                0                0                0                0
103                0                0                0                0
104                0                0                0                0
105                0                0                0                0
106                0                0                0                0
107                0                0                0                0
108                0                0                0                0
109                0                0                0                0
110                0                0                0                0
111                0                0                0                0
112                0                0                0                0
113                0                0                0                0
114                0                0                0                0
115                0                0                0                0
116                0                0                0                0
117               37                0         0.808416                0
118                1      1.87462e+07          1.41362      1.32611e+07
119                8              440        0.0101807            43219
120                0                0                0                0
121                0                0                0                0
122               16      1.75017e+07         0.604836      2.89363e+07
123                0                0                0                0
124                0                0                0                0
125                0                0                0                0
126                0                0                0                0
127                0                0                0                0
